1818
1816
3989
3985
3977
3975
1812
1809
1805
1797
1796
1791
1790
1787
1786
1785
4002
3998
3996
3995
1782
1777
1774
1764
1761
1760
1758
1756
1755
1754
1753
4018
4017
4013
4009
4008
1749
1746
1745
1744
1743
1742
1737
1736
4034
4032
4030
4029
4027
4026
1734
1732
1731
1730
1724
1723
1722
1721
1718
1712
1711
1709
1704
1703
4050
4046
4043
4042
4039
1700
1698
1692
1690
1689
1682
1672
1668
1667
1655
1651
1649
1640
4070
4068
4064
4056
1638
1632
1623
1622
1615
1614
1612
1611
1610
4086
4079
4078
4076
4075
4073
4072
1606
1604
1597
1593
1591
4102
4097
4096
4093
4088
1589
1588
1585
1584
1582
1577
1576
1573
1572
1571
1570
1569
1565
1561
1559
4118
4113
4110
4109
4104
1555
1554
1550
1549
1548
1547
1545
1544
1543
4131
4129
4126
4124
4123
4121
4120
1541
1539
1537
1534
1532
1531
1529
4149
4148
4147
4146
4145
4144
4143
4141
4139
4136
4135
1525
1518
1517
1512
1506
1498
1497
4163
4161
4159
4156
4153
1493
1491
1490
1488
1484
1482
1477
1476
1474
1469
1461
1460
1458
1457
1450
1447
4179
4174
4168
1446
1444
1439
1438
1435
1432
4197
4192
4191
4187
4185
4184
1428
1426
1425
1419
1418
1417
1415
1414
1410
1408
1407
1402
1400
1396
1391
1386
1385
1384
4214
4210
4207
1376
1375
1374
1372
1371
1369
1368
1365
1361
1360
1356
4230
4226
4221
4220
4216
1349
1345
1344
1342
1338
1335
4243
4240
4236
4235
4233
4231
1331
1330
1329
1322
1320
1316
1315
1314
1313
1309
1308
1306
1304
4262
4259
4257
4255
4253
4248
1300
1299
1289
1288
4277
4276
4273
4271
4265
4264
4263
1286
1285
1283
1282
1279
1278
1276
1272
1260
1256
4293
4290
4289
4287
4283
4279
1254
1248
1247
1246
1244
1243
1239
1238
1237
1233
1232
1229
1228
1226
4309
4306
4305
4304
4299
4298
4297
1218
1217
1216
1212
1207
1200
1199
1197
1196
1194
1192
4320
4319
4317
4315
4314
1188
1187
1185
1184
1180
1178
1177
1176
4342
4340
4338
4337
4335
4331
1170
1167
1165
1164
1163
1152
1151
1149
4357
4354
4353
4350
4349
4347
4345
4344
1139
1138
1137
1135
1132
1131
1127
1120
1116
1114
4374
4373
4372
4371
4370
4369
4367
4365
4359
1108
1105
1102
1101
1100
1099
1097
1094
1093
1092
1091
1079
4388
4387
4386
4381
1077
1076
1075
1072
1069
1068
1067
1063
4404
4403
4399
4395
4394
1060
1057
1056
1053
1049
1048
1047
1046
1045
1043
1041
1032
4420
4419
4414
4411
4409
1030
1025
1024
1021
1020
1016
4438
4435
4434
4430
4429
4425
4423
1014
1013
1012
1011
1008
1007
1003
4454
4452
4447
4446
4445
4443
4440
4439
998
996
993
988
987
986
985
978
975
974
973
967
965
964
963
962
961
955
953
4470
4461
4457
940
939
937
934
920
913
904
903
4484
4480
4479
4477
4475
4472
4471
901
900
897
894
889
4502
4501
4495
4492
4491
4489
4487
883
882
879
875
873
872
871
868
864
861
859
855
4514
4513
4510
4509
4507
854
852
851
850
844
843
839
836
831
830
827
824
815
812
808
807
4534
4530
4523
4519
803
801
800
797
791
4550
4549
4548
4545
4542
4539
4538
4537
4535
790
789
788
787
785
784
781
777
772
766
764
4566
4557
4556
4554
4553
4552
4551
758
750
749
748
747
746
745
743
741
738
734
4568
4567
726
724
721
719
712
710
708
707
705
700
698
696
4598
4592
4589
4586
4585
694
693
692
687
686
685
683
681
4611
4608
4605
4604
4601
677
676
673
671
669
667
664
662
660
659
653
652
648
647
641
632
631
4627
4620
4619
4617
630
625
621
620
618
617
614
606
604
602
601
600
4640
4635
4631
596
593
592
591
588
587
584
581
576
574
567
4654
4652
4651
4648
566
561
560
558
556
555
554
553
4676
4674
4673
4671
4669
4666
4663
550
549
548
542
540
536
535
532
531
530
528
527
524
521
4693
4692
4691
4688
4683
512
507
505
493
492
490
489
487
485
484
483
474
4710
4708
4707
4701
470
467
455
452
451
445
442
440
4726
4723
4721
4720
4718
4715
4714
4713
434
433
432
431
428
426
421
420
419
418
415
4737
4734
4727
405
395
394
393
391
4757
4755
4754
4751
4749
4745
4744
4743
387
386
385
384
382
381
379
373
372
371
369
368
367
366
364
361
359
4771
4766
4762
4760
351
347
336
335
331
330
327
4790
4786
4781
4780
4776
4775
325
322
319
318
313
312
311
309
308
298
296
4806
4802
4801
4798
4797
4792
293
292
289
287
283
281
280
279
4822
4821
4818
4814
4809
4807
278
275
274
273
271
270
265
263
4837
4833
4831
4830
4829
4826
258
256
255
254
253
252
251
249
248
246
245
244
243
239
237
236
234
232
231
4854
4846
4842
230
225
224
222
221
217
212
209
208
207
202
4869
4863
4859
4858
4856
196
193
192
188
186
184
4883
4882
4880
4878
4877
4876
4875
4873
178
176
171
163
149
147
143
142
140
135
4899
4898
4896
4895
4893
4892
4889
133
132
131
129
126
119
4915
4912
4910
4908
4906
4904
115
113
109
108
107
106
104
103
4933
4929
4928
4926
4923
4922
4920
102
101
99
98
97
96
94
93
89
88
87
4949
4948
4942
4941
4940
85
84
82
81
80
79
76
75
73
72
4963
4958
4956
4953
4952
68
66
65
62
61
60
59
58
57
56
46
41
4981
4978
4974
4972
4970
4969
4967
36
33
30
25
23
2
